			MEAN				Variance
Pandas	: 	152.7206871868289	57672.84569843359
MR		: 	152.7206871868285	57672.84569843378